110100000000,2
110101000000,3
110102000000,3
110105000000,3
110106000000,3
110107000000,3
110108000000,3
110109000000,3
110111000000,3
110112000000,3
110113000000,3
110114000000,3
110115000000,3
110116000000,3
110117000000,3
110200000000,2
110228000000,3
110229000000,3
120100000000,2
120101000000,3
120102000000,3
120103000000,3
120104000000,3
120105000000,3
120106000000,3
120110000000,3
120111000000,3
120112000000,3
120113000000,3
120114000000,3
120115000000,3
120116000000,3
120200000000,2
120221000000,3
120223000000,3
120225000000,3
130100000000,2
130101000000,3
130102000000,3
130103000000,3
130104000000,3
130105000000,3
130107000000,3
130108000000,3
130121000000,3
130123000000,3
130124000000,3
130125000000,3
130126000000,3
130127000000,3
130128000000,3
130129000000,3
130130000000,3
130131000000,3
130132000000,3
130133000000,3
130181000000,3
130182000000,3
130183000000,3
130184000000,3
130185000000,3
130200000000,2
130201000000,3
130202000000,3
130203000000,3
130204000000,3
130205000000,3
130207000000,3
130208000000,3
130209000000,3
130223000000,3
130224000000,3
130225000000,3
130227000000,3
130229000000,3
130281000000,3
130283000000,3
130300000000,2
130301000000,3
130302000000,3
130303000000,3
130304000000,3
130321000000,3
130322000000,3
130323000000,3
130324000000,3
130400000000,2
130401000000,3
130402000000,3
130403000000,3
130404000000,3
130406000000,3
130421000000,3
130423000000,3
130424000000,3
130425000000,3
130426000000,3
130427000000,3
130428000000,3
130429000000,3
130430000000,3
130431000000,3
130432000000,3
130433000000,3
130434000000,3
130435000000,3
130481000000,3
130500000000,2
130501000000,3
130502000000,3
130503000000,3
130521000000,3
130522000000,3
130523000000,3
130524000000,3
130525000000,3
130526000000,3
130527000000,3
130528000000,3
130529000000,3
130530000000,3
130531000000,3
130532000000,3
130533000000,3
130534000000,3
130535000000,3
130581000000,3
130582000000,3
130600000000,2
130601000000,3
130602000000,3
130603000000,3
130604000000,3
130621000000,3
130622000000,3
130623000000,3
130624000000,3
130625000000,3
130626000000,3
130627000000,3
130628000000,3
130629000000,3
130630000000,3
130631000000,3
130632000000,3
130633000000,3
130634000000,3
130635000000,3
130636000000,3
130637000000,3
130638000000,3
130681000000,3
130682000000,3
130683000000,3
130684000000,3
130700000000,2
130701000000,3
130702000000,3
130703000000,3
130705000000,3
130706000000,3
130721000000,3
130722000000,3
130723000000,3
130724000000,3
130725000000,3
130726000000,3
130727000000,3
130728000000,3
130729000000,3
130730000000,3
130731000000,3
130732000000,3
130733000000,3
130800000000,2
130801000000,3
130802000000,3
130803000000,3
130804000000,3
130821000000,3
130822000000,3
130823000000,3
130824000000,3
130825000000,3
130826000000,3
130827000000,3
130828000000,3
130900000000,2
130901000000,3
130902000000,3
130903000000,3
130921000000,3
130922000000,3
130923000000,3
130924000000,3
130925000000,3
130926000000,3
130927000000,3
130928000000,3
130929000000,3
130930000000,3
130981000000,3
130982000000,3
130983000000,3
130984000000,3
131000000000,2
131001000000,3
131002000000,3
131003000000,3
131022000000,3
131023000000,3
131024000000,3
131025000000,3
131026000000,3
131028000000,3
131081000000,3
131082000000,3
131100000000,2
131101000000,3
131102000000,3
131121000000,3
131122000000,3
131123000000,3
131124000000,3
131125000000,3
131126000000,3
131127000000,3
131128000000,3
131181000000,3
131182000000,3
140100000000,2
140101000000,3
140105000000,3
140106000000,3
140107000000,3
140108000000,3
140109000000,3
140110000000,3
140121000000,3
140122000000,3
140123000000,3
140181000000,3
140200000000,2
140201000000,3
140202000000,3
140203000000,3
140211000000,3
140212000000,3
140221000000,3
140222000000,3
140223000000,3
140224000000,3
140225000000,3
140226000000,3
140227000000,3
140300000000,2
140301000000,3
140302000000,3
140303000000,3
140311000000,3
140321000000,3
140322000000,3
140400000000,2
140401000000,3
140402000000,3
140411000000,3
140421000000,3
140423000000,3
140424000000,3
140425000000,3
140426000000,3
140427000000,3
140428000000,3
140429000000,3
140430000000,3
140431000000,3
140481000000,3
140500000000,2
140501000000,3
140502000000,3
140521000000,3
140522000000,3
140524000000,3
140525000000,3
140581000000,3
140600000000,2
140601000000,3
140602000000,3
140603000000,3
140621000000,3
140622000000,3
140623000000,3
140624000000,3
140700000000,2
140701000000,3
140702000000,3
140721000000,3
140722000000,3
140723000000,3
140724000000,3
140725000000,3
140726000000,3
140727000000,3
140728000000,3
140729000000,3
140781000000,3
140800000000,2
140801000000,3
140802000000,3
140821000000,3
140822000000,3
140823000000,3
140824000000,3
140825000000,3
140826000000,3
140827000000,3
140828000000,3
140829000000,3
140830000000,3
140881000000,3
140882000000,3
140900000000,2
140901000000,3
140902000000,3
140921000000,3
140922000000,3
140923000000,3
140924000000,3
140925000000,3
140926000000,3
140927000000,3
140928000000,3
140929000000,3
140930000000,3
140931000000,3
140932000000,3
140981000000,3
141000000000,2
141001000000,3
141002000000,3
141021000000,3
141022000000,3
141023000000,3
141024000000,3
141025000000,3
141026000000,3
141027000000,3
141028000000,3
141029000000,3
141030000000,3
141031000000,3
141032000000,3
141033000000,3
141034000000,3
141081000000,3
141082000000,3
141100000000,2
141101000000,3
141102000000,3
141121000000,3
141122000000,3
141123000000,3
141124000000,3
141125000000,3
141126000000,3
141127000000,3
141128000000,3
141129000000,3
141130000000,3
141181000000,3
141182000000,3
150100000000,2
150101000000,3
150102000000,3
150103000000,3
150104000000,3
150105000000,3
150121000000,3
150122000000,3
150123000000,3
150124000000,3
150125000000,3
150200000000,2
150201000000,3
150202000000,3
150203000000,3
150204000000,3
150205000000,3
150206000000,3
150207000000,3
150221000000,3
150222000000,3
150223000000,3
150300000000,2
150301000000,3
150302000000,3
150303000000,3
150304000000,3
150400000000,2
150401000000,3
150402000000,3
150403000000,3
150404000000,3
150421000000,3
150422000000,3
150423000000,3
150424000000,3
150425000000,3
150426000000,3
150428000000,3
150429000000,3
150430000000,3
150500000000,2
150501000000,3
150502000000,3
150521000000,3
150522000000,3
150523000000,3
150524000000,3
150525000000,3
150526000000,3
150581000000,3
150600000000,2
150601000000,3
150602000000,3
150621000000,3
150622000000,3
150623000000,3
150624000000,3
150625000000,3
150626000000,3
150627000000,3
150700000000,2
150701000000,3
150702000000,3
150721000000,3
150722000000,3
150723000000,3
150724000000,3
150725000000,3
150726000000,3
150727000000,3
150781000000,3
150782000000,3
150783000000,3
150784000000,3
150785000000,3
150800000000,2
150801000000,3
150802000000,3
150821000000,3
150822000000,3
150823000000,3
150824000000,3
150825000000,3
150826000000,3
150900000000,2
150901000000,3
150902000000,3
150921000000,3
150922000000,3
150923000000,3
150924000000,3
150925000000,3
150926000000,3
150927000000,3
150928000000,3
150929000000,3
150981000000,3
152200000000,2
152201000000,3
152202000000,3
152221000000,3
152222000000,3
152223000000,3
152224000000,3
152500000000,2
152501000000,3
152502000000,3
152522000000,3
152523000000,3
152524000000,3
152525000000,3
152526000000,3
152527000000,3
152528000000,3
152529000000,3
152530000000,3
152531000000,3
152900000000,2
152921000000,3
152922000000,3
152923000000,3
210100000000,2
210101000000,3
210102000000,3
210103000000,3
210104000000,3
210105000000,3
210106000000,3
210111000000,3
210112000000,3
210113000000,3
210114000000,3
210122000000,3
210123000000,3
210124000000,3
210181000000,3
210200000000,2
210201000000,3
210202000000,3
210203000000,3
210204000000,3
210211000000,3
210212000000,3
210213000000,3
210224000000,3
210281000000,3
210282000000,3
210283000000,3
210300000000,2
210301000000,3
210302000000,3
210303000000,3
210304000000,3
210311000000,3
210321000000,3
210323000000,3
210381000000,3
210400000000,2
210401000000,3
210402000000,3
210403000000,3
210404000000,3
210411000000,3
210421000000,3
210422000000,3
210423000000,3
210500000000,2
210501000000,3
210502000000,3
210503000000,3
210504000000,3
210505000000,3
210521000000,3
210522000000,3
210600000000,2
210601000000,3
210602000000,3
210603000000,3
210604000000,3
210624000000,3
210681000000,3
210682000000,3
210700000000,2
210701000000,3
210702000000,3
210703000000,3
210711000000,3
210726000000,3
210727000000,3
210781000000,3
210782000000,3
210800000000,2
210801000000,3
210802000000,3
210803000000,3
210804000000,3
210811000000,3
210881000000,3
210882000000,3
210900000000,2
210901000000,3
210902000000,3
210903000000,3
210904000000,3
210905000000,3
210911000000,3
210921000000,3
210922000000,3
211000000000,2
211001000000,3
211002000000,3
211003000000,3
211004000000,3
211005000000,3
211011000000,3
211021000000,3
211081000000,3
211100000000,2
211101000000,3
211102000000,3
211103000000,3
211121000000,3
211122000000,3
211200000000,2
211201000000,3
211202000000,3
211204000000,3
211221000000,3
211223000000,3
211224000000,3
211281000000,3
211282000000,3
211300000000,2
211301000000,3
211302000000,3
211303000000,3
211321000000,3
211322000000,3
211324000000,3
211381000000,3
211382000000,3
211400000000,2
211401000000,3
211402000000,3
211403000000,3
211404000000,3
211421000000,3
211422000000,3
211481000000,3
220100000000,2
220101000000,3
220102000000,3
220103000000,3
220104000000,3
220105000000,3
220106000000,3
220112000000,3
220122000000,3
220181000000,3
220182000000,3
220183000000,3
220200000000,2
220201000000,3
220202000000,3
220203000000,3
220204000000,3
220211000000,3
220221000000,3
220281000000,3
220282000000,3
220283000000,3
220284000000,3
220300000000,2
220301000000,3
220302000000,3
220303000000,3
220322000000,3
220323000000,3
220381000000,3
220382000000,3
220400000000,2
220401000000,3
220402000000,3
220403000000,3
220421000000,3
220422000000,3
220500000000,2
220501000000,3
220502000000,3
220503000000,3
220521000000,3
220523000000,3
220524000000,3
220581000000,3
220582000000,3
220600000000,2
220601000000,3
220602000000,3
220605000000,3
220621000000,3
220622000000,3
220623000000,3
220681000000,3
220700000000,2
220701000000,3
220702000000,3
220721000000,3
220722000000,3
220723000000,3
220724000000,3
220800000000,2
220801000000,3
220802000000,3
220821000000,3
220822000000,3
220881000000,3
220882000000,3
222400000000,2
222401000000,3
222402000000,3
222403000000,3
222404000000,3
222405000000,3
222406000000,3
222424000000,3
222426000000,3
230100000000,2
230101000000,3
230102000000,3
230103000000,3
230104000000,3
230108000000,3
230109000000,3
230110000000,3
230111000000,3
230112000000,3
230123000000,3
230124000000,3
230125000000,3
230126000000,3
230127000000,3
230128000000,3
230129000000,3
230182000000,3
230183000000,3
230184000000,3
230200000000,2
230201000000,3
230202000000,3
230203000000,3
230204000000,3
230205000000,3
230206000000,3
230207000000,3
230208000000,3
230221000000,3
230223000000,3
230224000000,3
230225000000,3
230227000000,3
230229000000,3
230230000000,3
230231000000,3
230281000000,3
230300000000,2
230301000000,3
230302000000,3
230303000000,3
230304000000,3
230305000000,3
230306000000,3
230307000000,3
230321000000,3
230381000000,3
230382000000,3
230400000000,2
230401000000,3
230402000000,3
230403000000,3
230404000000,3
230405000000,3
230406000000,3
230407000000,3
230421000000,3
230422000000,3
230500000000,2
230501000000,3
230502000000,3
230503000000,3
230505000000,3
230506000000,3
230521000000,3
230522000000,3
230523000000,3
230524000000,3
230600000000,2
230601000000,3
230602000000,3
230603000000,3
230604000000,3
230605000000,3
230606000000,3
230621000000,3
230622000000,3
230623000000,3
230624000000,3
230700000000,2
230701000000,3
230702000000,3
230703000000,3
230704000000,3
230705000000,3
230706000000,3
230707000000,3
230708000000,3
230709000000,3
230710000000,3
230711000000,3
230712000000,3
230713000000,3
230714000000,3
230715000000,3
230716000000,3
230722000000,3
230781000000,3
230800000000,2
230801000000,3
230803000000,3
230804000000,3
230805000000,3
230811000000,3
230822000000,3
230826000000,3
230828000000,3
230833000000,3
230881000000,3
230882000000,3
230900000000,2
230901000000,3
230902000000,3
230903000000,3
230904000000,3
230921000000,3
231000000000,2
231001000000,3
231002000000,3
231003000000,3
231004000000,3
231005000000,3
231024000000,3
231025000000,3
231081000000,3
231083000000,3
231084000000,3
231085000000,3
231100000000,2
231101000000,3
231102000000,3
231121000000,3
231123000000,3
231124000000,3
231181000000,3
231182000000,3
231200000000,2
231201000000,3
231202000000,3
231221000000,3
231222000000,3
231223000000,3
231224000000,3
231225000000,3
231226000000,3
231281000000,3
231282000000,3
231283000000,3
232700000000,2
232721000000,3
232722000000,3
232723000000,3
310100000000,2
310101000000,3
310104000000,3
310105000000,3
310106000000,3
310107000000,3
310108000000,3
310109000000,3
310110000000,3
310112000000,3
310113000000,3
310114000000,3
310115000000,3
310116000000,3
310117000000,3
310118000000,3
310120000000,3
310200000000,2
310230000000,3
320100000000,2
320101000000,3
320102000000,3
320103000000,3
320104000000,3
320105000000,3
320106000000,3
320107000000,3
320111000000,3
320113000000,3
320114000000,3
320115000000,3
320116000000,3
320124000000,3
320125000000,3
320200000000,2
320201000000,3
320202000000,3
320203000000,3
320204000000,3
320205000000,3
320206000000,3
320211000000,3
320281000000,3
320282000000,3
320300000000,2
320301000000,3
320302000000,3
320303000000,3
320305000000,3
320311000000,3
320312000000,3
320321000000,3
320322000000,3
320324000000,3
320381000000,3
320382000000,3
320400000000,2
320401000000,3
320402000000,3
320404000000,3
320405000000,3
320411000000,3
320412000000,3
320481000000,3
320482000000,3
320500000000,2
320501000000,3
320505000000,3
320506000000,3
320507000000,3
320508000000,3
320509000000,3
320581000000,3
320582000000,3
320583000000,3
320585000000,3
320600000000,2
320601000000,3
320602000000,3
320611000000,3
320612000000,3
320621000000,3
320623000000,3
320681000000,3
320682000000,3
320684000000,3
320700000000,2
320701000000,3
320703000000,3
320705000000,3
320706000000,3
320721000000,3
320722000000,3
320723000000,3
320724000000,3
320800000000,2
320801000000,3
320802000000,3
320803000000,3
320804000000,3
320811000000,3
320826000000,3
320829000000,3
320830000000,3
320831000000,3
320900000000,2
320901000000,3
320902000000,3
320903000000,3
320921000000,3
320922000000,3
320923000000,3
320924000000,3
320925000000,3
320981000000,3
320982000000,3
321000000000,2
321001000000,3
321002000000,3
321003000000,3
321012000000,3
321023000000,3
321081000000,3
321084000000,3
321100000000,2
321101000000,3
321102000000,3
321111000000,3
321112000000,3
321181000000,3
321182000000,3
321183000000,3
321200000000,2
321201000000,3
321202000000,3
321203000000,3
321281000000,3
321282000000,3
321283000000,3
321284000000,3
321300000000,2
321301000000,3
321302000000,3
321311000000,3
321322000000,3
321323000000,3
321324000000,3
330100000000,2
330101000000,3
330102000000,3
330103000000,3
330104000000,3
330105000000,3
330106000000,3
330108000000,3
330109000000,3
330110000000,3
330122000000,3
330127000000,3
330182000000,3
330183000000,3
330185000000,3
330200000000,2
330201000000,3
330203000000,3
330204000000,3
330205000000,3
330206000000,3
330211000000,3
330212000000,3
330225000000,3
330226000000,3
330281000000,3
330282000000,3
330283000000,3
330300000000,2
330301000000,3
330302000000,3
330303000000,3
330304000000,3
330322000000,3
330324000000,3
330326000000,3
330327000000,3
330328000000,3
330329000000,3
330381000000,3
330382000000,3
330400000000,2
330401000000,3
330402000000,3
330411000000,3
330421000000,3
330424000000,3
330481000000,3
330482000000,3
330483000000,3
330500000000,2
330501000000,3
330502000000,3
330503000000,3
330521000000,3
330522000000,3
330523000000,3
330600000000,2
330601000000,3
330602000000,3
330621000000,3
330624000000,3
330681000000,3
330682000000,3
330683000000,3
330700000000,2
330701000000,3
330702000000,3
330703000000,3
330723000000,3
330726000000,3
330727000000,3
330781000000,3
330782000000,3
330783000000,3
330784000000,3
330800000000,2
330801000000,3
330802000000,3
330803000000,3
330822000000,3
330824000000,3
330825000000,3
330881000000,3
330900000000,2
330901000000,3
330902000000,3
330903000000,3
330921000000,3
330922000000,3
331000000000,2
331001000000,3
331002000000,3
331003000000,3
331004000000,3
331021000000,3
331022000000,3
331023000000,3
331024000000,3
331081000000,3
331082000000,3
331100000000,2
331101000000,3
331102000000,3
331121000000,3
331122000000,3
331123000000,3
331124000000,3
331125000000,3
331126000000,3
331127000000,3
331181000000,3
340100000000,2
340101000000,3
340102000000,3
340103000000,3
340104000000,3
340111000000,3
340121000000,3
340122000000,3
340123000000,3
340124000000,3
340181000000,3
340200000000,2
340201000000,3
340202000000,3
340203000000,3
340207000000,3
340208000000,3
340221000000,3
340222000000,3
340223000000,3
340225000000,3
340300000000,2
340301000000,3
340302000000,3
340303000000,3
340304000000,3
340311000000,3
340321000000,3
340322000000,3
340323000000,3
340400000000,2
340401000000,3
340402000000,3
340403000000,3
340404000000,3
340405000000,3
340406000000,3
340421000000,3
340500000000,2
340501000000,3
340503000000,3
340504000000,3
340506000000,3
340521000000,3
340522000000,3
340523000000,3
340600000000,2
340601000000,3
340602000000,3
340603000000,3
340604000000,3
340621000000,3
340700000000,2
340701000000,3
340702000000,3
340703000000,3
340711000000,3
340721000000,3
340800000000,2
340801000000,3
340802000000,3
340803000000,3
340811000000,3
340822000000,3
340823000000,3
340824000000,3
340825000000,3
340826000000,3
340827000000,3
340828000000,3
340881000000,3
341000000000,2
341001000000,3
341002000000,3
341003000000,3
341004000000,3
341021000000,3
341022000000,3
341023000000,3
341024000000,3
341100000000,2
341101000000,3
341102000000,3
341103000000,3
341122000000,3
341124000000,3
341125000000,3
341126000000,3
341181000000,3
341182000000,3
341200000000,2
341201000000,3
341202000000,3
341203000000,3
341204000000,3
341221000000,3
341222000000,3
341225000000,3
341226000000,3
341282000000,3
341300000000,2
341301000000,3
341302000000,3
341321000000,3
341322000000,3
341323000000,3
341324000000,3
341500000000,2
341501000000,3
341502000000,3
341503000000,3
341521000000,3
341522000000,3
341523000000,3
341524000000,3
341525000000,3
341600000000,2
341601000000,3
341602000000,3
341621000000,3
341622000000,3
341623000000,3
341700000000,2
341701000000,3
341702000000,3
341721000000,3
341722000000,3
341723000000,3
341800000000,2
341801000000,3
341802000000,3
341821000000,3
341822000000,3
341823000000,3
341824000000,3
341825000000,3
341881000000,3
350100000000,2
350101000000,3
350102000000,3
350103000000,3
350104000000,3
350105000000,3
350111000000,3
350121000000,3
350122000000,3
350123000000,3
350124000000,3
350125000000,3
350128000000,3
350181000000,3
350182000000,3
350200000000,2
350201000000,3
350203000000,3
350205000000,3
350206000000,3
350211000000,3
350212000000,3
350213000000,3
350300000000,2
350301000000,3
350302000000,3
350303000000,3
350304000000,3
350305000000,3
350322000000,3
350400000000,2
350401000000,3
350402000000,3
350403000000,3
350421000000,3
350423000000,3
350424000000,3
350425000000,3
350426000000,3
350427000000,3
350428000000,3
350429000000,3
350430000000,3
350481000000,3
350500000000,2
350501000000,3
350502000000,3
350503000000,3
350504000000,3
350505000000,3
350521000000,3
350524000000,3
350525000000,3
350526000000,3
350527000000,3
350581000000,3
350582000000,3
350583000000,3
350600000000,2
350601000000,3
350602000000,3
350603000000,3
350622000000,3
350623000000,3
350624000000,3
350625000000,3
350626000000,3
350627000000,3
350628000000,3
350629000000,3
350681000000,3
350700000000,2
350701000000,3
350702000000,3
350721000000,3
350722000000,3
350723000000,3
350724000000,3
350725000000,3
350781000000,3
350782000000,3
350783000000,3
350784000000,3
350800000000,2
350801000000,3
350802000000,3
350821000000,3
350822000000,3
350823000000,3
350824000000,3
350825000000,3
350881000000,3
350900000000,2
350901000000,3
350902000000,3
350921000000,3
350922000000,3
350923000000,3
350924000000,3
350925000000,3
350926000000,3
350981000000,3
350982000000,3
360100000000,2
360101000000,3
360102000000,3
360103000000,3
360104000000,3
360105000000,3
360111000000,3
360121000000,3
360122000000,3
360123000000,3
360124000000,3
360200000000,2
360201000000,3
360202000000,3
360203000000,3
360222000000,3
360281000000,3
360300000000,2
360301000000,3
360302000000,3
360313000000,3
360321000000,3
360322000000,3
360323000000,3
360400000000,2
360401000000,3
360402000000,3
360403000000,3
360421000000,3
360423000000,3
360424000000,3
360425000000,3
360426000000,3
360427000000,3
360428000000,3
360429000000,3
360430000000,3
360481000000,3
360482000000,3
360500000000,2
360501000000,3
360502000000,3
360521000000,3
360600000000,2
360601000000,3
360602000000,3
360622000000,3
360681000000,3
360700000000,2
360701000000,3
360702000000,3
360721000000,3
360722000000,3
360723000000,3
360724000000,3
360725000000,3
360726000000,3
360727000000,3
360728000000,3
360729000000,3
360730000000,3
360731000000,3
360732000000,3
360733000000,3
360734000000,3
360735000000,3
360781000000,3
360782000000,3
360800000000,2
360801000000,3
360802000000,3
360803000000,3
360821000000,3
360822000000,3
360823000000,3
360824000000,3
360825000000,3
360826000000,3
360827000000,3
360828000000,3
360829000000,3
360830000000,3
360881000000,3
360900000000,2
360901000000,3
360902000000,3
360921000000,3
360922000000,3
360923000000,3
360924000000,3
360925000000,3
360926000000,3
360981000000,3
360982000000,3
360983000000,3
361000000000,2
361001000000,3
361002000000,3
361021000000,3
361022000000,3
361023000000,3
361024000000,3
361025000000,3
361026000000,3
361027000000,3
361028000000,3
361029000000,3
361030000000,3
361100000000,2
361101000000,3
361102000000,3
361121000000,3
361122000000,3
361123000000,3
361124000000,3
361125000000,3
361126000000,3
361127000000,3
361128000000,3
361129000000,3
361130000000,3
361181000000,3
370100000000,2
370101000000,3
370102000000,3
370103000000,3
370104000000,3
370105000000,3
370112000000,3
370113000000,3
370124000000,3
370125000000,3
370126000000,3
370181000000,3
370200000000,2
370201000000,3
370202000000,3
370203000000,3
370205000000,3
370211000000,3
370212000000,3
370213000000,3
370214000000,3
370281000000,3
370282000000,3
370283000000,3
370284000000,3
370285000000,3
370300000000,2
370301000000,3
370302000000,3
370303000000,3
370304000000,3
370305000000,3
370306000000,3
370321000000,3
370322000000,3
370323000000,3
370400000000,2
370401000000,3
370402000000,3
370403000000,3
370404000000,3
370405000000,3
370406000000,3
370481000000,3
370500000000,2
370501000000,3
370502000000,3
370503000000,3
370521000000,3
370522000000,3
370523000000,3
370600000000,2
370601000000,3
370602000000,3
370611000000,3
370612000000,3
370613000000,3
370634000000,3
370681000000,3
370682000000,3
370683000000,3
370684000000,3
370685000000,3
370686000000,3
370687000000,3
370700000000,2
370701000000,3
370702000000,3
370703000000,3
370704000000,3
370705000000,3
370724000000,3
370725000000,3
370781000000,3
370782000000,3
370783000000,3
370784000000,3
370785000000,3
370786000000,3
370800000000,2
370801000000,3
370802000000,3
370811000000,3
370826000000,3
370827000000,3
370828000000,3
370829000000,3
370830000000,3
370831000000,3
370832000000,3
370881000000,3
370882000000,3
370883000000,3
370900000000,2
370901000000,3
370902000000,3
370911000000,3
370921000000,3
370923000000,3
370982000000,3
370983000000,3
371000000000,2
371001000000,3
371002000000,3
371081000000,3
371082000000,3
371083000000,3
371100000000,2
371101000000,3
371102000000,3
371103000000,3
371121000000,3
371122000000,3
371200000000,2
371201000000,3
371202000000,3
371203000000,3
371300000000,2
371301000000,3
371302000000,3
371311000000,3
371312000000,3
371321000000,3
371322000000,3
371323000000,3
371324000000,3
371325000000,3
371326000000,3
371327000000,3
371328000000,3
371329000000,3
371400000000,2
371401000000,3
371402000000,3
371421000000,3
371422000000,3
371423000000,3
371424000000,3
371425000000,3
371426000000,3
371427000000,3
371428000000,3
371481000000,3
371482000000,3
371500000000,2
371501000000,3
371502000000,3
371521000000,3
371522000000,3
371523000000,3
371524000000,3
371525000000,3
371526000000,3
371581000000,3
371600000000,2
371601000000,3
371602000000,3
371621000000,3
371622000000,3
371623000000,3
371624000000,3
371625000000,3
371626000000,3
371700000000,2
371701000000,3
371702000000,3
371721000000,3
371722000000,3
371723000000,3
371724000000,3
371725000000,3
371726000000,3
371727000000,3
371728000000,3
410100000000,2
410101000000,3
410102000000,3
410103000000,3
410104000000,3
410105000000,3
410106000000,3
410108000000,3
410122000000,3
410181000000,3
410182000000,3
410183000000,3
410184000000,3
410185000000,3
410200000000,2
410201000000,3
410202000000,3
410203000000,3
410204000000,3
410205000000,3
410211000000,3
410221000000,3
410222000000,3
410223000000,3
410224000000,3
410225000000,3
410300000000,2
410301000000,3
410302000000,3
410303000000,3
410304000000,3
410305000000,3
410306000000,3
410311000000,3
410322000000,3
410323000000,3
410324000000,3
410325000000,3
410326000000,3
410327000000,3
410328000000,3
410329000000,3
410381000000,3
410400000000,2
410401000000,3
410402000000,3
410403000000,3
410404000000,3
410411000000,3
410421000000,3
410422000000,3
410423000000,3
410425000000,3
410481000000,3
410482000000,3
410500000000,2
410501000000,3
410502000000,3
410503000000,3
410505000000,3
410506000000,3
410522000000,3
410523000000,3
410526000000,3
410527000000,3
410581000000,3
410600000000,2
410601000000,3
410602000000,3
410603000000,3
410611000000,3
410621000000,3
410622000000,3
410700000000,2
410701000000,3
410702000000,3
410703000000,3
410704000000,3
410711000000,3
410721000000,3
410724000000,3
410725000000,3
410726000000,3
410727000000,3
410728000000,3
410781000000,3
410782000000,3
410800000000,2
410801000000,3
410802000000,3
410803000000,3
410804000000,3
410811000000,3
410821000000,3
410822000000,3
410823000000,3
410825000000,3
410882000000,3
410883000000,3
410900000000,2
410901000000,3
410902000000,3
410922000000,3
410923000000,3
410926000000,3
410927000000,3
410928000000,3
411000000000,2
411001000000,3
411002000000,3
411023000000,3
411024000000,3
411025000000,3
411081000000,3
411082000000,3
411100000000,2
411101000000,3
411102000000,3
411103000000,3
411104000000,3
411121000000,3
411122000000,3
411200000000,2
411201000000,3
411202000000,3
411221000000,3
411222000000,3
411224000000,3
411281000000,3
411282000000,3
411300000000,2
411301000000,3
411302000000,3
411303000000,3
411321000000,3
411322000000,3
411323000000,3
411324000000,3
411325000000,3
411326000000,3
411327000000,3
411328000000,3
411329000000,3
411330000000,3
411381000000,3
411400000000,2
411401000000,3
411402000000,3
411403000000,3
411421000000,3
411422000000,3
411423000000,3
411424000000,3
411425000000,3
411426000000,3
411481000000,3
411500000000,2
411501000000,3
411502000000,3
411503000000,3
411521000000,3
411522000000,3
411523000000,3
411524000000,3
411525000000,3
411526000000,3
411527000000,3
411528000000,3
411600000000,2
411601000000,3
411602000000,3
411621000000,3
411622000000,3
411623000000,3
411624000000,3
411625000000,3
411626000000,3
411627000000,3
411628000000,3
411681000000,3
411700000000,2
411701000000,3
411702000000,3
411721000000,3
411722000000,3
411723000000,3
411724000000,3
411725000000,3
411726000000,3
411727000000,3
411728000000,3
411729000000,3
419000000000,2
419001000000,3
420100000000,2
420101000000,3
420102000000,3
420103000000,3
420104000000,3
420105000000,3
420106000000,3
420107000000,3
420111000000,3
420112000000,3
420113000000,3
420114000000,3
420115000000,3
420116000000,3
420117000000,3
420200000000,2
420201000000,3
420202000000,3
420203000000,3
420204000000,3
420205000000,3
420222000000,3
420281000000,3
420300000000,2
420301000000,3
420302000000,3
420303000000,3
420321000000,3
420322000000,3
420323000000,3
420324000000,3
420325000000,3
420381000000,3
420500000000,2
420501000000,3
420502000000,3
420503000000,3
420504000000,3
420505000000,3
420506000000,3
420525000000,3
420526000000,3
420527000000,3
420528000000,3
420529000000,3
420581000000,3
420582000000,3
420583000000,3
420600000000,2
420601000000,3
420602000000,3
420606000000,3
420607000000,3
420624000000,3
420625000000,3
420626000000,3
420682000000,3
420683000000,3
420684000000,3
420700000000,2
420701000000,3
420702000000,3
420703000000,3
420704000000,3
420800000000,2
420801000000,3
420802000000,3
420804000000,3
420821000000,3
420822000000,3
420881000000,3
420900000000,2
420901000000,3
420902000000,3
420921000000,3
420922000000,3
420923000000,3
420981000000,3
420982000000,3
420984000000,3
421000000000,2
421001000000,3
421002000000,3
421003000000,3
421022000000,3
421023000000,3
421024000000,3
421081000000,3
421083000000,3
421087000000,3
421100000000,2
421101000000,3
421102000000,3
421121000000,3
421122000000,3
421123000000,3
421124000000,3
421125000000,3
421126000000,3
421127000000,3
421181000000,3
421182000000,3
421200000000,2
421201000000,3
421202000000,3
421221000000,3
421222000000,3
421223000000,3
421224000000,3
421281000000,3
421300000000,2
421301000000,3
421303000000,3
421321000000,3
421381000000,3
422800000000,2
422801000000,3
422802000000,3
422822000000,3
422823000000,3
422825000000,3
422826000000,3
422827000000,3
422828000000,3
429000000000,2
429004000000,3
429005000000,3
429006000000,3
429021000000,3
430100000000,2
430101000000,3
430102000000,3
430103000000,3
430104000000,3
430105000000,3
430111000000,3
430112000000,3
430121000000,3
430124000000,3
430181000000,3
430200000000,2
430201000000,3
430202000000,3
430203000000,3
430204000000,3
430211000000,3
430221000000,3
430223000000,3
430224000000,3
430225000000,3
430281000000,3
430300000000,2
430301000000,3
430302000000,3
430304000000,3
430321000000,3
430381000000,3
430382000000,3
430400000000,2
430401000000,3
430405000000,3
430406000000,3
430407000000,3
430408000000,3
430412000000,3
430421000000,3
430422000000,3
430423000000,3
430424000000,3
430426000000,3
430481000000,3
430482000000,3
430500000000,2
430501000000,3
430502000000,3
430503000000,3
430511000000,3
430521000000,3
430522000000,3
430523000000,3
430524000000,3
430525000000,3
430527000000,3
430528000000,3
430529000000,3
430581000000,3
430600000000,2
430601000000,3
430602000000,3
430603000000,3
430611000000,3
430621000000,3
430623000000,3
430624000000,3
430626000000,3
430681000000,3
430682000000,3
430700000000,2
430701000000,3
430702000000,3
430703000000,3
430721000000,3
430722000000,3
430723000000,3
430724000000,3
430725000000,3
430726000000,3
430781000000,3
430800000000,2
430801000000,3
430802000000,3
430811000000,3
430821000000,3
430822000000,3
430900000000,2
430901000000,3
430902000000,3
430903000000,3
430921000000,3
430922000000,3
430923000000,3
430981000000,3
431000000000,2
431001000000,3
431002000000,3
431003000000,3
431021000000,3
431022000000,3
431023000000,3
431024000000,3
431025000000,3
431026000000,3
431027000000,3
431028000000,3
431081000000,3
431100000000,2
431101000000,3
431102000000,3
431103000000,3
431121000000,3
431122000000,3
431123000000,3
431124000000,3
431125000000,3
431126000000,3
431127000000,3
431128000000,3
431129000000,3
431200000000,2
431201000000,3
431202000000,3
431221000000,3
431222000000,3
431223000000,3
431224000000,3
431225000000,3
431226000000,3
431227000000,3
431228000000,3
431229000000,3
431230000000,3
431281000000,3
431300000000,2
431301000000,3
431302000000,3
431321000000,3
431322000000,3
431381000000,3
431382000000,3
433100000000,2
433101000000,3
433122000000,3
433123000000,3
433124000000,3
433125000000,3
433126000000,3
433127000000,3
433130000000,3
440100000000,2
440101000000,3
440103000000,3
440104000000,3
440105000000,3
440106000000,3
440111000000,3
440112000000,3
440113000000,3
440114000000,3
440115000000,3
440116000000,3
440183000000,3
440184000000,3
440200000000,2
440201000000,3
440203000000,3
440204000000,3
440205000000,3
440222000000,3
440224000000,3
440229000000,3
440232000000,3
440233000000,3
440281000000,3
440282000000,3
440300000000,2
440301000000,3
440303000000,3
440304000000,3
440305000000,3
440306000000,3
440307000000,3
440308000000,3
440400000000,2
440401000000,3
440402000000,3
440403000000,3
440404000000,3
440500000000,2
440501000000,3
440507000000,3
440511000000,3
440512000000,3
440513000000,3
440514000000,3
440515000000,3
440523000000,3
440600000000,2
440601000000,3
440604000000,3
440605000000,3
440606000000,3
440607000000,3
440608000000,3
440700000000,2
440701000000,3
440703000000,3
440704000000,3
440705000000,3
440781000000,3
440783000000,3
440784000000,3
440785000000,3
440800000000,2
440801000000,3
440802000000,3
440803000000,3
440804000000,3
440811000000,3
440823000000,3
440825000000,3
440881000000,3
440882000000,3
440883000000,3
440900000000,2
440901000000,3
440902000000,3
440903000000,3
440923000000,3
440981000000,3
440982000000,3
440983000000,3
441200000000,2
441201000000,3
441202000000,3
441203000000,3
441223000000,3
441224000000,3
441225000000,3
441226000000,3
441283000000,3
441284000000,3
441300000000,2
441301000000,3
441302000000,3
441303000000,3
441322000000,3
441323000000,3
441324000000,3
441400000000,2
441401000000,3
441402000000,3
441421000000,3
441422000000,3
441423000000,3
441424000000,3
441426000000,3
441427000000,3
441481000000,3
441500000000,2
441501000000,3
441502000000,3
441521000000,3
441523000000,3
441581000000,3
441600000000,2
441601000000,3
441602000000,3
441621000000,3
441622000000,3
441623000000,3
441624000000,3
441625000000,3
441700000000,2
441701000000,3
441702000000,3
441721000000,3
441723000000,3
441781000000,3
441800000000,2
441801000000,3
441802000000,3
441821000000,3
441823000000,3
441825000000,3
441826000000,3
441827000000,3
441881000000,3
441882000000,3
441900000000,2
442000000000,2
445100000000,2
445101000000,3
445102000000,3
445121000000,3
445122000000,3
445200000000,2
445201000000,3
445202000000,3
445221000000,3
445222000000,3
445224000000,3
445281000000,3
445300000000,2
445301000000,3
445302000000,3
445321000000,3
445322000000,3
445323000000,3
445381000000,3
450100000000,2
450101000000,3
450102000000,3
450103000000,3
450105000000,3
450107000000,3
450108000000,3
450109000000,3
450122000000,3
450123000000,3
450124000000,3
450125000000,3
450126000000,3
450127000000,3
450200000000,2
450201000000,3
450202000000,3
450203000000,3
450204000000,3
450205000000,3
450221000000,3
450222000000,3
450223000000,3
450224000000,3
450225000000,3
450226000000,3
450300000000,2
450301000000,3
450302000000,3
450303000000,3
450304000000,3
450305000000,3
450311000000,3
450321000000,3
450322000000,3
450323000000,3
450324000000,3
450325000000,3
450326000000,3
450327000000,3
450328000000,3
450329000000,3
450330000000,3
450331000000,3
450332000000,3
450400000000,2
450401000000,3
450403000000,3
450404000000,3
450405000000,3
450421000000,3
450422000000,3
450423000000,3
450481000000,3
450500000000,2
450501000000,3
450502000000,3
450503000000,3
450512000000,3
450521000000,3
450600000000,2
450601000000,3
450602000000,3
450603000000,3
450621000000,3
450681000000,3
450700000000,2
450701000000,3
450702000000,3
450703000000,3
450721000000,3
450722000000,3
450800000000,2
450801000000,3
450802000000,3
450803000000,3
450804000000,3
450821000000,3
450881000000,3
450900000000,2
450901000000,3
450902000000,3
450921000000,3
450922000000,3
450923000000,3
450924000000,3
450981000000,3
451000000000,2
451001000000,3
451002000000,3
451021000000,3
451022000000,3
451023000000,3
451024000000,3
451025000000,3
451026000000,3
451027000000,3
451028000000,3
451029000000,3
451030000000,3
451031000000,3
451100000000,2
451101000000,3
451102000000,3
451121000000,3
451122000000,3
451123000000,3
451200000000,2
451201000000,3
451202000000,3
451221000000,3
451222000000,3
451223000000,3
451224000000,3
451225000000,3
451226000000,3
451227000000,3
451228000000,3
451229000000,3
451281000000,3
451300000000,2
451301000000,3
451302000000,3
451321000000,3
451322000000,3
451323000000,3
451324000000,3
451381000000,3
451400000000,2
451401000000,3
451402000000,3
451421000000,3
451422000000,3
451423000000,3
451424000000,3
451425000000,3
451481000000,3
460100000000,2
460101000000,3
460105000000,3
460106000000,3
460107000000,3
460108000000,3
460200000000,2
460201000000,3
460300000000,2
460321000000,3
460322000000,3
460323000000,3
469000000000,2
469001000000,3
469002000000,3
469003000000,3
469005000000,3
469006000000,3
469007000000,3
469021000000,3
469022000000,3
469023000000,3
469024000000,3
469025000000,3
469026000000,3
469027000000,3
469028000000,3
469029000000,3
469030000000,3
500100000000,2
500101000000,3
500102000000,3
500103000000,3
500104000000,3
500105000000,3
500106000000,3
500107000000,3
500108000000,3
500109000000,3
500110000000,3
500111000000,3
500112000000,3
500113000000,3
500114000000,3
500115000000,3
500116000000,3
500117000000,3
500118000000,3
500119000000,3
500200000000,2
500223000000,3
500224000000,3
500226000000,3
500227000000,3
500228000000,3
500229000000,3
500230000000,3
500231000000,3
500232000000,3
500233000000,3
500234000000,3
500235000000,3
500236000000,3
500237000000,3
500238000000,3
500240000000,3
500241000000,3
500242000000,3
500243000000,3
510100000000,2
510101000000,3
510104000000,3
510105000000,3
510106000000,3
510107000000,3
510108000000,3
510112000000,3
510113000000,3
510114000000,3
510115000000,3
510121000000,3
510122000000,3
510124000000,3
510129000000,3
510131000000,3
510132000000,3
510181000000,3
510182000000,3
510183000000,3
510184000000,3
510300000000,2
510301000000,3
510302000000,3
510303000000,3
510304000000,3
510311000000,3
510321000000,3
510322000000,3
510400000000,2
510401000000,3
510402000000,3
510403000000,3
510411000000,3
510421000000,3
510422000000,3
510500000000,2
510501000000,3
510502000000,3
510503000000,3
510504000000,3
510521000000,3
510522000000,3
510524000000,3
510525000000,3
510600000000,2
510601000000,3
510603000000,3
510623000000,3
510626000000,3
510681000000,3
510682000000,3
510683000000,3
510700000000,2
510701000000,3
510703000000,3
510704000000,3
510722000000,3
510723000000,3
510724000000,3
510725000000,3
510726000000,3
510727000000,3
510781000000,3
510800000000,2
510801000000,3
510802000000,3
510811000000,3
510812000000,3
510821000000,3
510822000000,3
510823000000,3
510824000000,3
510900000000,2
510901000000,3
510903000000,3
510904000000,3
510921000000,3
510922000000,3
510923000000,3
511000000000,2
511001000000,3
511002000000,3
511011000000,3
511024000000,3
511025000000,3
511028000000,3
511100000000,2
511101000000,3
511102000000,3
511111000000,3
511112000000,3
511113000000,3
511123000000,3
511124000000,3
511126000000,3
511129000000,3
511132000000,3
511133000000,3
511181000000,3
511300000000,2
511301000000,3
511302000000,3
511303000000,3
511304000000,3
511321000000,3
511322000000,3
511323000000,3
511324000000,3
511325000000,3
511381000000,3
511400000000,2
511401000000,3
511402000000,3
511421000000,3
511422000000,3
511423000000,3
511424000000,3
511425000000,3
511500000000,2
511501000000,3
511502000000,3
511503000000,3
511521000000,3
511523000000,3
511524000000,3
511525000000,3
511526000000,3
511527000000,3
511528000000,3
511529000000,3
511600000000,2
511601000000,3
511602000000,3
511621000000,3
511622000000,3
511623000000,3
511681000000,3
511700000000,2
511701000000,3
511702000000,3
511721000000,3
511722000000,3
511723000000,3
511724000000,3
511725000000,3
511781000000,3
511800000000,2
511801000000,3
511802000000,3
511803000000,3
511822000000,3
511823000000,3
511824000000,3
511825000000,3
511826000000,3
511827000000,3
511900000000,2
511901000000,3
511902000000,3
511921000000,3
511922000000,3
511923000000,3
512000000000,2
512001000000,3
512002000000,3
512021000000,3
512022000000,3
512081000000,3
513200000000,2
513221000000,3
513222000000,3
513223000000,3
513224000000,3
513225000000,3
513226000000,3
513227000000,3
513228000000,3
513229000000,3
513230000000,3
513231000000,3
513232000000,3
513233000000,3
513300000000,2
513321000000,3
513322000000,3
513323000000,3
513324000000,3
513325000000,3
513326000000,3
513327000000,3
513328000000,3
513329000000,3
513330000000,3
513331000000,3
513332000000,3
513333000000,3
513334000000,3
513335000000,3
513336000000,3
513337000000,3
513338000000,3
513400000000,2
513401000000,3
513422000000,3
513423000000,3
513424000000,3
513425000000,3
513426000000,3
513427000000,3
513428000000,3
513429000000,3
513430000000,3
513431000000,3
513432000000,3
513433000000,3
513434000000,3
513435000000,3
513436000000,3
513437000000,3
520100000000,2
520101000000,3
520102000000,3
520103000000,3
520111000000,3
520112000000,3
520113000000,3
520114000000,3
520121000000,3
520122000000,3
520123000000,3
520181000000,3
520200000000,2
520201000000,3
520203000000,3
520221000000,3
520222000000,3
520300000000,2
520301000000,3
520302000000,3
520303000000,3
520321000000,3
520322000000,3
520323000000,3
520324000000,3
520325000000,3
520326000000,3
520327000000,3
520328000000,3
520329000000,3
520330000000,3
520381000000,3
520382000000,3
520400000000,2
520401000000,3
520402000000,3
520421000000,3
520422000000,3
520423000000,3
520424000000,3
520425000000,3
520500000000,2
520502000000,3
520521000000,3
520522000000,3
520523000000,3
520524000000,3
520525000000,3
520526000000,3
520527000000,3
520600000000,2
520602000000,3
520603000000,3
520621000000,3
520622000000,3
520623000000,3
520624000000,3
520625000000,3
520626000000,3
520627000000,3
520628000000,3
522300000000,2
522301000000,3
522322000000,3
522323000000,3
522324000000,3
522325000000,3
522326000000,3
522327000000,3
522328000000,3
522600000000,2
522601000000,3
522622000000,3
522623000000,3
522624000000,3
522625000000,3
522626000000,3
522627000000,3
522628000000,3
522629000000,3
522630000000,3
522631000000,3
522632000000,3
522633000000,3
522634000000,3
522635000000,3
522636000000,3
522700000000,2
522701000000,3
522702000000,3
522722000000,3
522723000000,3
522725000000,3
522726000000,3
522727000000,3
522728000000,3
522729000000,3
522730000000,3
522731000000,3
522732000000,3
530100000000,2
530101000000,3
530102000000,3
530103000000,3
530111000000,3
530112000000,3
530113000000,3
530114000000,3
530122000000,3
530124000000,3
530125000000,3
530126000000,3
530127000000,3
530128000000,3
530129000000,3
530181000000,3
530300000000,2
530301000000,3
530302000000,3
530321000000,3
530322000000,3
530323000000,3
530324000000,3
530325000000,3
530326000000,3
530328000000,3
530381000000,3
530400000000,2
530402000000,3
530421000000,3
530422000000,3
530423000000,3
530424000000,3
530425000000,3
530426000000,3
530427000000,3
530428000000,3
530500000000,2
530501000000,3
530502000000,3
530521000000,3
530522000000,3
530523000000,3
530524000000,3
530600000000,2
530601000000,3
530602000000,3
530621000000,3
530622000000,3
530623000000,3
530624000000,3
530625000000,3
530626000000,3
530627000000,3
530628000000,3
530629000000,3
530630000000,3
530700000000,2
530701000000,3
530702000000,3
530721000000,3
530722000000,3
530723000000,3
530724000000,3
530800000000,2
530801000000,3
530802000000,3
530821000000,3
530822000000,3
530823000000,3
530824000000,3
530825000000,3
530826000000,3
530827000000,3
530828000000,3
530829000000,3
530900000000,2
530901000000,3
530902000000,3
530921000000,3
530922000000,3
530923000000,3
530924000000,3
530925000000,3
530926000000,3
530927000000,3
532300000000,2
532301000000,3
532322000000,3
532323000000,3
532324000000,3
532325000000,3
532326000000,3
532327000000,3
532328000000,3
532329000000,3
532331000000,3
532500000000,2
532501000000,3
532502000000,3
532503000000,3
532523000000,3
532524000000,3
532525000000,3
532526000000,3
532527000000,3
532528000000,3
532529000000,3
532530000000,3
532531000000,3
532532000000,3
532600000000,2
532601000000,3
532622000000,3
532623000000,3
532624000000,3
532625000000,3
532626000000,3
532627000000,3
532628000000,3
532800000000,2
532801000000,3
532822000000,3
532823000000,3
532900000000,2
532901000000,3
532922000000,3
532923000000,3
532924000000,3
532925000000,3
532926000000,3
532927000000,3
532928000000,3
532929000000,3
532930000000,3
532931000000,3
532932000000,3
533100000000,2
533102000000,3
533103000000,3
533122000000,3
533123000000,3
533124000000,3
533300000000,2
533321000000,3
533323000000,3
533324000000,3
533325000000,3
533400000000,2
533421000000,3
533422000000,3
533423000000,3
540100000000,2
540101000000,3
540102000000,3
540121000000,3
540122000000,3
540123000000,3
540124000000,3
540125000000,3
540126000000,3
540127000000,3
542100000000,2
542121000000,3
542122000000,3
542123000000,3
542124000000,3
542125000000,3
542126000000,3
542127000000,3
542128000000,3
542129000000,3
542132000000,3
542133000000,3
542200000000,2
542221000000,3
542222000000,3
542223000000,3
542224000000,3
542225000000,3
542226000000,3
542227000000,3
542228000000,3
542229000000,3
542231000000,3
542232000000,3
542233000000,3
542300000000,2
542301000000,3
542322000000,3
542323000000,3
542324000000,3
542325000000,3
542326000000,3
542327000000,3
542328000000,3
542329000000,3
542330000000,3
542331000000,3
542332000000,3
542333000000,3
542334000000,3
542335000000,3
542336000000,3
542337000000,3
542338000000,3
542400000000,2
542421000000,3
542422000000,3
542423000000,3
542424000000,3
542425000000,3
542426000000,3
542427000000,3
542428000000,3
542429000000,3
542430000000,3
542500000000,2
542521000000,3
542522000000,3
542523000000,3
542524000000,3
542525000000,3
542526000000,3
542527000000,3
542600000000,2
542621000000,3
542622000000,3
542623000000,3
542624000000,3
542625000000,3
542626000000,3
542627000000,3
610100000000,2
610101000000,3
610102000000,3
610103000000,3
610104000000,3
610111000000,3
610112000000,3
610113000000,3
610114000000,3
610115000000,3
610116000000,3
610122000000,3
610124000000,3
610125000000,3
610126000000,3
610200000000,2
610201000000,3
610202000000,3
610203000000,3
610204000000,3
610222000000,3
610300000000,2
610301000000,3
610302000000,3
610303000000,3
610304000000,3
610322000000,3
610323000000,3
610324000000,3
610326000000,3
610327000000,3
610328000000,3
610329000000,3
610330000000,3
610331000000,3
610400000000,2
610401000000,3
610402000000,3
610403000000,3
610404000000,3
610422000000,3
610423000000,3
610424000000,3
610425000000,3
610426000000,3
610427000000,3
610428000000,3
610429000000,3
610430000000,3
610431000000,3
610481000000,3
610500000000,2
610501000000,3
610502000000,3
610521000000,3
610522000000,3
610523000000,3
610524000000,3
610525000000,3
610526000000,3
610527000000,3
610528000000,3
610581000000,3
610582000000,3
610600000000,2
610601000000,3
610602000000,3
610621000000,3
610622000000,3
610623000000,3
610624000000,3
610625000000,3
610626000000,3
610627000000,3
610628000000,3
610629000000,3
610630000000,3
610631000000,3
610632000000,3
610700000000,2
610701000000,3
610702000000,3
610721000000,3
610722000000,3
610723000000,3
610724000000,3
610725000000,3
610726000000,3
610727000000,3
610728000000,3
610729000000,3
610730000000,3
610800000000,2
610801000000,3
610802000000,3
610821000000,3
610822000000,3
610823000000,3
610824000000,3
610825000000,3
610826000000,3
610827000000,3
610828000000,3
610829000000,3
610830000000,3
610831000000,3
610900000000,2
610901000000,3
610902000000,3
610921000000,3
610922000000,3
610923000000,3
610924000000,3
610925000000,3
610926000000,3
610927000000,3
610928000000,3
610929000000,3
611000000000,2
611001000000,3
611002000000,3
611021000000,3
611022000000,3
611023000000,3
611024000000,3
611025000000,3
611026000000,3
620100000000,2
620101000000,3
620102000000,3
620103000000,3
620104000000,3
620105000000,3
620111000000,3
620121000000,3
620122000000,3
620123000000,3
620200000000,2
620201000000,3
620300000000,2
620301000000,3
620302000000,3
620321000000,3
620400000000,2
620401000000,3
620402000000,3
620403000000,3
620421000000,3
620422000000,3
620423000000,3
620500000000,2
620501000000,3
620502000000,3
620503000000,3
620521000000,3
620522000000,3
620523000000,3
620524000000,3
620525000000,3
620600000000,2
620601000000,3
620602000000,3
620621000000,3
620622000000,3
620623000000,3
620700000000,2
620701000000,3
620702000000,3
620721000000,3
620722000000,3
620723000000,3
620724000000,3
620725000000,3
620800000000,2
620801000000,3
620802000000,3
620821000000,3
620822000000,3
620823000000,3
620824000000,3
620825000000,3
620826000000,3
620900000000,2
620901000000,3
620902000000,3
620921000000,3
620922000000,3
620923000000,3
620924000000,3
620981000000,3
620982000000,3
621000000000,2
621001000000,3
621002000000,3
621021000000,3
621022000000,3
621023000000,3
621024000000,3
621025000000,3
621026000000,3
621027000000,3
621100000000,2
621101000000,3
621102000000,3
621121000000,3
621122000000,3
621123000000,3
621124000000,3
621125000000,3
621126000000,3
621200000000,2
621201000000,3
621202000000,3
621221000000,3
621222000000,3
621223000000,3
621224000000,3
621225000000,3
621226000000,3
621227000000,3
621228000000,3
622900000000,2
622901000000,3
622921000000,3
622922000000,3
622923000000,3
622924000000,3
622925000000,3
622926000000,3
622927000000,3
623000000000,2
623001000000,3
623021000000,3
623022000000,3
623023000000,3
623024000000,3
623025000000,3
623026000000,3
623027000000,3
630100000000,2
630101000000,3
630102000000,3
630103000000,3
630104000000,3
630105000000,3
630121000000,3
630122000000,3
630123000000,3
632100000000,2
632121000000,3
632122000000,3
632123000000,3
632126000000,3
632127000000,3
632128000000,3
632200000000,2
632221000000,3
632222000000,3
632223000000,3
632224000000,3
632300000000,2
632321000000,3
632322000000,3
632323000000,3
632324000000,3
632500000000,2
632521000000,3
632522000000,3
632523000000,3
632524000000,3
632525000000,3
632600000000,2
632621000000,3
632622000000,3
632623000000,3
632624000000,3
632625000000,3
632626000000,3
632700000000,2
632721000000,3
632722000000,3
632723000000,3
632724000000,3
632725000000,3
632726000000,3
632800000000,2
632801000000,3
632802000000,3
632821000000,3
632822000000,3
632823000000,3
640100000000,2
640101000000,3
640104000000,3
640105000000,3
640106000000,3
640121000000,3
640122000000,3
640181000000,3
640200000000,2
640201000000,3
640202000000,3
640205000000,3
640221000000,3
640300000000,2
640301000000,3
640302000000,3
640303000000,3
640323000000,3
640324000000,3
640381000000,3
640400000000,2
640401000000,3
640402000000,3
640422000000,3
640423000000,3
640424000000,3
640425000000,3
640500000000,2
640501000000,3
640502000000,3
640521000000,3
640522000000,3
650100000000,2
650101000000,3
650102000000,3
650103000000,3
650104000000,3
650105000000,3
650106000000,3
650107000000,3
650109000000,3
650121000000,3
650200000000,2
650201000000,3
650202000000,3
650203000000,3
650204000000,3
650205000000,3
652100000000,2
652101000000,3
652122000000,3
652123000000,3
652200000000,2
652201000000,3
652222000000,3
652223000000,3
652300000000,2
652301000000,3
652302000000,3
652323000000,3
652324000000,3
652325000000,3
652327000000,3
652328000000,3
652700000000,2
652701000000,3
652722000000,3
652723000000,3
652800000000,2
652801000000,3
652822000000,3
652823000000,3
652824000000,3
652825000000,3
652826000000,3
652827000000,3
652828000000,3
652829000000,3
652900000000,2
652901000000,3
652922000000,3
652923000000,3
652924000000,3
652925000000,3
652926000000,3
652927000000,3
652928000000,3
652929000000,3
653000000000,2
653001000000,3
653022000000,3
653023000000,3
653024000000,3
653100000000,2
653101000000,3
653121000000,3
653122000000,3
653123000000,3
653124000000,3
653125000000,3
653126000000,3
653127000000,3
653128000000,3
653129000000,3
653130000000,3
653131000000,3
653200000000,2
653201000000,3
653221000000,3
653222000000,3
653223000000,3
653224000000,3
653225000000,3
653226000000,3
653227000000,3
654000000000,2
654002000000,3
654003000000,3
654021000000,3
654022000000,3
654023000000,3
654024000000,3
654025000000,3
654026000000,3
654027000000,3
654028000000,3
654200000000,2
654201000000,3
654202000000,3
654221000000,3
654223000000,3
654224000000,3
654225000000,3
654226000000,3
654300000000,2
654301000000,3
654321000000,3
654322000000,3
654323000000,3
654324000000,3
654325000000,3
654326000000,3
659000000000,2
659001000000,3
659002000000,3
659003000000,3
659004000000,3
